16 8
 0.0000  0.0000  0.0000  0.0000  0.0000  0.0000  0.0000  0.0000  0.0000   0.0000  0.0000  0.0000  0.0000  0.0000  0.0000  0.0000  0.0000
-0.3826 -0.3536 -0.2706 -0.1309  0.0000  0.1309  0.2706  0.3536  0.3826   0.3536  0.2706  0.1309  0.0000 -0.1309 -0.2706 -0.3536 -0.3826
-0.7071 -0.6533 -0.5000 -0.2706  0.0000  0.2706  0.5000  0.6533  0.7071   0.6533  0.5000  0.2706  0.0000 -0.2706 -0.5000 -0.6533 -0.7071
-0.9238 -0.8536 -0.6533 -0.3536  0.0000  0.3536  0.6533  0.8536  0.9238   0.8536  0.6533  0.3536  0.0000 -0.3536 -0.6533 -0.8536 -0.9238
-1.0000 -0.9239 -0.7071 -0.3829  0.0000  0.3829  0.7071  0.9239  1.0000   0.9239  0.7071  0.3829  0.0000 -0.3829 -0.7071 -0.9239 -1.0000
-0.9238 -0.8536 -0.6533 -0.3536  0.0000  0.3536  0.6533  0.8536  0.9238   0.8536  0.6533  0.3536  0.0000 -0.3536 -0.6533 -0.8536 -0.9238
-0.7071 -0.6533 -0.5000 -0.2706  0.0000  0.2706  0.5000  0.6533  0.7071   0.6533  0.5000  0.2706  0.0000 -0.2706 -0.5000 -0.6533 -0.7071
-0.3826 -0.3536 -0.2706 -0.1309  0.0000  0.1309  0.2706  0.3536  0.3826   0.3536  0.2706  0.1309  0.0000 -0.1309 -0.2706 -0.3536 -0.3826
 0.0000  0.0000  0.0000  0.0000  0.0000  0.0000  0.0000  0.0000  0.0000   0.0000  0.0000  0.0000  0.0000  0.0000  0.0000  0.0000  0.0000
 1.0000  1.0000  1.0000  1.0000  1.0000  1.0000  1.0000  1.0000  1.0000   1.0000  1.0000  1.0000  1.0000  1.0000  1.0000  1.0000  1.0000
 0.9239  0.9239  0.9239  0.9239  0.9239  0.9239  0.9239  0.9239  0.9239   0.9239  0.9239  0.9239  0.9239  0.9239  0.9239  0.9239  0.9239
 0.7071  0.7071  0.7071  0.7071  0.7071  0.7071  0.7071  0.7071  0.7071   0.7071  0.7071  0.7071  0.7071  0.7071  0.7071  0.7071  0.7071
 0.3829  0.3829  0.3829  0.3829  0.3829  0.3829  0.3829  0.3829  0.3829   0.3829  0.3829  0.3829  0.3829  0.3829  0.3829  0.3829  0.3829
 0.0000  0.0000  0.0000  0.0000  0.0000  0.0000  0.0000  0.0000  0.0000   0.0000  0.0000  0.0000  0.0000  0.0000  0.0000  0.0000  0.0000
-0.3829 -0.3829 -0.3829 -0.3829 -0.3829 -0.3829 -0.3829 -0.3829 -0.3829  -0.3829 -0.3829 -0.3829 -0.3829 -0.3829 -0.3829 -0.3829 -0.3829
-0.7071 -0.7071 -0.7071 -0.7071 -0.7071 -0.7071 -0.7071 -0.7071 -0.7071  -0.7071 -0.7071 -0.7071 -0.7071 -0.7071 -0.7071 -0.7071 -0.7071
-0.9239 -0.9239 -0.9239 -0.9239 -0.9239 -0.9239 -0.9239 -0.9239 -0.9239  -0.9239 -0.9239 -0.9239 -0.9239 -0.9239 -0.9239 -0.9239 -0.9239
-1.0000 -1.0000 -1.0000 -1.0000 -1.0000 -1.0000 -1.0000 -1.0000 -1.0000  -1.0000 -1.0000 -1.0000 -1.0000 -1.0000 -1.0000 -1.0000 -1.0000
 0.0000  0.0000  0.0000  0.0000  0.0000  0.0000  0.0000  0.0000  0.0000  -0.0000 -0.0000 -0.0000 -0.0000 -0.0000 -0.0000 -0.0000 -0.0000
 0.0000  0.1462  0.2705  0.3596  0.3826  0.3596  0.2705  0.1462  0.0000  -0.1462 -0.2705 -0.3596 -0.3826 -0.3596 -0.2705 -0.1462 -0.0000
 0.0000  0.2706  0.5000  0.6533  0.7071  0.6533  0.5000  0.2705  0.0000  -0.2706 -0.5000 -0.6533 -0.7071 -0.6533 -0.5000 -0.2705 -0.0000
 0.0000  0.3532  0.6531  0.8534  0.9238  0.8534  0.6531  0.3532  0.0000  -0.3532 -0.6531 -0.8534 -0.9238 -0.8534 -0.6531 -0.3532 -0.0000
 0.0000  0.3826  0.7071  0.9239  1.0000  0.9239  0.7071  0.3826  0.0000  -0.3826 -0.7071 -0.9239 -1.0000 -0.9239 -0.7071 -0.3826 -0.0000
 0.0000  0.3532  0.6531  0.8534  0.9238  0.8534  0.6531  0.3532  0.0000  -0.3532 -0.6531 -0.8534 -0.9238 -0.8534 -0.6531 -0.3532 -0.0000
 0.0000  0.2706  0.5000  0.6533  0.7071  0.6533  0.5000  0.2705  0.0000  -0.2706 -0.5000 -0.6533 -0.7071 -0.6533 -0.5000 -0.2705 -0.0000
 0.0000  0.1462  0.2705  0.3596  0.3826  0.3596  0.2705  0.1462  0.0000  -0.1462 -0.2705 -0.3596 -0.3826 -0.3596 -0.2705 -0.1462 -0.0000
 0.0000  0.0000  0.0000  0.0000  0.0000  0.0000  0.0000  0.0000  0.0000  -0.0000 -0.0000 -0.0000 -0.0000 -0.0000 -0.0000 -0.0000 -0.0000
